feature	uniq_raw	uniq_lnorm	uniq_rpkm	combined_raw	combined_lnorm	combined_rpkm
total_reads	19950997.00000	19950997.00000	19950997.00000	19950997.00000	19950997.00000	19950997.00000
filtered_reads	20084967.00000	20084967.00000	20084967.00000	20084967.00000	20084967.00000	20084967.00000
category	84298.50000	122.10083	6079.21481	793090.43595	1254.19850	62444.63820
GH88	747.50000	0.84415	42.02874	3916.92448	5.42729	270.21656
GH73	375.00000	0.90368	44.99278	3977.36528	9.90663	493.23602
GH51	976.50000	0.81745	40.69943	12857.18752	11.31909	563.56013
GH15	24.00000	0.02563	1.27591	245.50000	0.29887	14.88024
GH13_8	148.50000	0.17792	8.85847	1759.71825	2.24588	111.81896
GT25	4.00000	0.00720	0.35863	22.00000	0.03995	1.98911
GH84	91.50000	0.11328	5.64001	915.48115	1.34616	67.02329
AA4	112.50000	0.14884	7.41057	394.19166	0.53787	26.77983
GT66	1.00000	0.00131	0.06508	28.50000	0.03139	1.56267
GH78	703.00000	0.53339	26.55692	6655.75929	5.75002	286.28460
GH16_21	20.00000	0.03396	1.69080	112.08333	0.19168	9.54339
GH13_18	44.00000	0.04727	2.35353	468.71226	0.53687	26.73013
CBM34	77.00000	0.22219	11.06261	667.92976	1.96885	98.02621
GH89	490.00000	0.29571	14.72303	3261.25000	2.79793	139.30472
GH109	35.50000	0.09824	4.89114	397.00000	1.12221	55.87291
GH27	165.00000	0.20103	10.00915	1761.16667	2.58429	128.66788
GH13_39	212.00000	0.22017	10.96183	1424.95906	1.49370	74.36883
PL8_2	15.50000	0.02203	1.09683	125.17870	0.17976	8.95014
CE15	21.50000	0.02795	1.39169	177.16667	0.22039	10.97310
GT23	14.00000	0.01944	0.96810	190.49167	0.25943	12.91680
GH43_17	20.00000	0.02585	1.28695	173.37500	0.23810	11.85464
GH123	86.50000	0.05864	2.91962	1002.00000	0.69082	34.39465
GH108	51.50000	0.18974	9.44668	411.50000	1.61660	80.48824
GH57	231.00000	0.28117	13.99904	2405.24376	2.82725	140.76470
CE1	1333.00000	2.04110	101.62312	13141.67789	20.54864	1023.08545
GH165	13.00000	0.00805	0.40097	67.50000	0.04081	2.03186
GH13_42	438.50000	0.35762	17.80556	5200.35112	4.38323	218.23434
GH13_20	49.00000	0.05536	2.75651	402.68032	0.46033	22.91933
GH13_31	110.00000	0.10672	5.31341	845.93048	0.81817	40.73568
GT3	291.50000	0.28352	14.11584	3316.39091	3.32215	165.40465
CBM62	27.00000	0.10222	5.08926	249.00000	0.87552	43.59093
GH43_31	7.00000	0.00883	0.43987	51.84847	0.06646	3.30883
AA7	59.50000	0.40315	20.07203	574.18334	1.74423	86.84274
CBM20	102.00000	0.37780	18.81032	1096.69901	4.05015	201.65104
CE4	799.00000	1.91763	95.47608	6174.60000	15.61293	777.34412
PL11_1	345.00000	0.18868	9.39413	2199.21770	1.23273	61.37552
GH85	126.50000	0.14318	7.12883	1529.50000	1.94392	96.78506
GH140	139.00000	0.12024	5.98651	1188.50000	1.30175	64.81227
GH105	809.00000	0.82672	41.16104	10917.93929	11.30464	562.84064
GH13_29	7.00000	0.00687	0.34226	79.44739	0.07834	3.90026
PL22	31.00000	0.08492	4.22829	582.41667	1.15081	57.29724
GH104	0.00000	0.00000	0.00000	7.50000	0.03125	1.55589
GH138	179.00000	0.08415	4.18982	1618.75000	1.97353	98.25927
CE12	479.00000	0.81675	40.66462	3800.76045	6.77115	337.12532
GH19	7.50000	0.01370	0.68227	116.50000	0.21861	10.88417
GH25	1103.00000	2.08713	103.91482	10172.35000	21.64141	1077.49284
PL1	292.50000	1.33370	66.40300	3873.81250	18.69226	930.65903
GH13_5	65.50000	0.06764	3.36748	375.77778	0.41964	20.89300
GH10	392.00000	0.54573	27.17112	4536.68369	6.92771	344.91991
GH43_10	262.00000	0.33043	16.45185	3444.28679	4.34527	216.34415
GH115	835.50000	0.77183	38.42836	8489.13201	8.48664	422.53676
GH154	252.00000	0.25393	12.64298	2251.33465	3.00576	149.65206
GT1	23.50000	0.01990	0.99085	347.22917	0.36464	18.15479
PL35	12.00000	0.02290	1.14004	104.00000	0.20709	10.31048
GH43_34	70.00000	0.08377	4.17088	761.32477	0.92559	46.08349
GH43_4	196.50000	0.16783	8.35621	2373.09167	2.02132	100.63841
CE2	165.00000	0.25453	12.67271	1663.00000	2.78977	138.89827
GH35	268.50000	0.32725	16.29337	3223.61129	4.24108	211.15692
GH66	63.00000	0.04074	2.02830	610.54167	0.47452	23.62578
GT83	532.00000	0.37539	18.69000	5081.84643	4.25763	211.98078
GH43_19	13.50000	0.01976	0.98381	184.38333	0.26395	13.14159
GH79	0.00000	0.00000	0.00000	20.50000	0.02098	1.04473
GH63	128.00000	0.08598	4.28104	1550.55000	1.09304	54.42094
CE8	751.50000	0.93921	46.76208	7710.92103	10.72179	533.82171
PL12_1	6.00000	0.01451	0.72246	29.00000	0.07115	3.54233
GH129	123.50000	0.07059	3.51474	786.00000	0.49768	24.77860
GT11	158.50000	0.19461	9.68923	714.92143	0.92248	45.92868
GH13	2422.00000	14.90693	742.19365	24324.17286	151.07262	7521.67641
PL38	215.00000	0.26086	12.98801	651.50000	0.80582	40.12061
CBM51	54.50000	0.15652	7.79284	439.87500	1.29030	64.24217
GH5_44	13.50000	0.01564	0.77880	164.00000	0.19201	9.55993
GH146	167.50000	0.11362	5.65685	1972.20833	1.33264	66.35033
GH13_28	79.50000	0.10546	5.25083	953.98598	1.29204	64.32866
CBM26	31.00000	0.14812	7.37468	554.82500	2.64029	131.45617
GH5_25	3.00000	0.00391	0.19449	6.50000	0.00846	0.42139
GH13_6	176.00000	0.20704	10.30830	1604.77600	1.88523	93.86271
AA1	4.00000	0.00997	0.49655	8.50000	0.01922	0.95688
GH67	220.00000	0.15938	7.93516	3442.50540	2.99024	148.87952
GH13_4	184.50000	0.16565	8.24765	1840.01614	1.66320	82.80804
GT17	1.00000	0.00120	0.05991	14.50000	0.01842	0.91709
GH43_11	50.50000	0.05622	2.79900	471.00952	0.53618	26.69582
CBM71	0.00000	0.00000	0.00000	6.50000	0.01426	0.71012
GH161	78.00000	0.03131	1.55873	399.85000	0.20783	10.34739
CBM27	17.50000	0.03900	1.94159	206.69192	0.45850	22.82779
CBM23	25.00000	0.05122	2.55005	257.00000	0.52529	26.15337
CE14	3.50000	0.00995	0.49534	26.00000	0.07540	3.75427
PL33_1	72.00000	0.16621	8.27529	403.45833	0.93719	46.66122
GH98	3.50000	0.00377	0.18778	18.50000	0.02806	1.39689
GT9	652.50000	0.84939	42.28991	3855.71429	5.55108	276.37974
CBM54	1.50000	0.00431	0.21461	18.00000	0.05528	2.75208
GH43_35	108.50000	0.11767	5.85842	849.84683	0.97232	48.41036
GH43_28	32.50000	0.04043	2.01272	408.97526	0.51131	25.45738
GT73	0.50000	0.00128	0.06383	6.00000	0.01465	0.72925
GH65	86.00000	0.08368	4.16651	548.00000	0.69485	34.59574
CBM61	52.50000	0.12468	6.20777	394.51429	0.94040	46.82123
CBM41	8.50000	0.02740	1.36416	94.87500	0.29460	14.66778
GH43_12	333.00000	0.40019	19.92510	2503.95129	2.97577	148.15903
GH3	1857.00000	2.92914	145.83741	19643.82520	34.18667	1702.10238
GH120	26.50000	0.10802	5.37820	272.50000	1.23222	61.35038
GH43_18	27.50000	0.04015	1.99908	506.00000	0.80935	40.29614
GT104	0.00000	0.00000	0.00000	9.50000	0.01475	0.73431
GT108	0.50000	0.00057	0.02832	9.50000	0.01081	0.53810
GH59	63.50000	0.03147	1.56681	393.50000	0.21357	10.63357
GH30_2	14.00000	0.01168	0.58130	160.00000	0.13605	6.77370
GH159	6.00000	0.01156	0.57545	36.00000	0.07015	3.49286
PL1_2	280.50000	0.50216	25.00200	2918.65774	5.33599	265.67065
GH53	341.00000	0.38958	19.39643	3270.63285	4.36855	217.50337
CBM48	671.00000	1.91025	95.10832	6515.02242	20.17321	1004.39333
GT103	0.00000	0.00000	0.00000	1.50000	0.00244	0.12144
GH13_19	1.50000	0.00270	0.13456	33.90278	0.06121	3.04771
GH5_13	3.50000	0.00520	0.25867	30.00000	0.04121	2.05187
GH43_7	64.50000	0.08595	4.27956	967.29558	1.28100	63.77882
PL10_1	67.00000	0.08576	4.26969	475.65972	0.66346	33.03258
CBM5	6.00000	0.04306	2.14390	14.50000	0.10517	5.23627
GH151	18.00000	0.04506	2.24367	58.00000	0.14893	7.41478
GT107	2.00000	0.00128	0.06350	12.50000	0.00920	0.45828
GH43_5	101.50000	0.11421	5.68631	1348.94507	1.51548	75.45338
GH163	38.50000	0.04943	2.46125	289.00000	0.38764	19.30017
GH2	7209.50000	3.78063	188.23186	75592.50326	45.10552	2245.73532
CBM42	1.00000	0.00231	0.11525	4.15179	0.01116	0.55580
GH50	14.50000	0.01593	0.79319	101.00000	0.12716	6.33099
PL40	85.00000	0.03511	1.74794	1061.00000	0.48287	24.04159
PL21_1	0.00000	0.00000	0.00000	2.50000	0.01244	0.61926
GH102	2.00000	0.00435	0.21659	9.50000	0.02635	1.31170
CBM66	8.50000	0.01644	0.81871	54.00000	0.10501	5.22811
GH144	54.00000	0.05262	2.61981	639.00000	0.69017	34.36228
PL9_1	42.50000	0.03550	1.76765	554.47395	0.46839	23.32031
PL13	2.00000	0.00218	0.10842	41.00000	0.04982	2.48063
GH13_30	36.00000	0.03326	1.65588	371.20657	0.34383	17.11875
GT8	361.50000	0.48173	23.98453	3001.16071	4.52301	225.19368
PL27	21.00000	0.01262	0.62821	139.50000	0.09129	4.54534
PL17_1	1.00000	0.00256	0.12766	4.00000	0.01026	0.51065
GT13	0.00000	0.00000	0.00000	2.00000	0.00360	0.17942
CE17	12.50000	0.02589	1.28884	245.50000	0.51059	25.42135
GH113	23.50000	0.02681	1.33459	309.50000	0.36037	17.94235
GH30_6	12.50000	0.00991	0.49327	80.75000	0.06653	3.31252
CBM35	17.50000	0.03849	1.91656	133.75000	0.28087	13.98431
GT29	0.50000	0.00079	0.03933	1.00000	0.00158	0.07865
GH68	0.00000	0.00000	0.00000	0.50000	0.00048	0.02387
GH13_36	32.00000	0.03157	1.57164	306.33914	0.31356	15.61151
GT101	33.50000	0.05683	2.82938	241.00000	0.52584	26.18061
CE6	97.00000	0.31080	15.47428	1077.00000	3.45558	172.04819
GH5_22	0.00000	0.00000	0.00000	6.00000	0.00714	0.35563
CBM25	5.00000	0.02380	1.18484	52.63750	0.25315	12.60394
GH93	0.50000	0.00051	0.02561	4.50000	0.00488	0.24293
CBM4	99.00000	0.24579	12.23762	898.46607	2.13364	106.23070
CBM30	7.00000	0.02745	1.36674	18.75000	0.07353	3.66092
PL15	65.00000	0.14168	7.05391	483.00000	1.05237	52.39614
GH43_33	9.50000	0.01027	0.51145	78.75000	0.08809	4.38594
GT14	361.00000	0.47559	23.67900	2172.17282	3.06309	152.50659
CBM77	9.50000	0.03231	1.60881	64.00000	0.21716	10.81216
PL33_2	2.00000	0.00460	0.22891	22.50000	0.05239	2.60852
GH126	0.00000	0.00000	0.00000	1.50000	0.00197	0.09819
GH145	13.50000	0.01842	0.91719	155.50000	0.26759	13.32308
GH156	2.00000	0.00123	0.06113	27.00000	0.02134	1.06254
GT20	28.00000	0.03782	1.88305	250.00000	0.35734	17.79125
GH137	42.00000	0.05347	2.66204	541.16667	0.63862	31.79589
CBM57	16.50000	0.07632	3.79973	302.33512	1.20969	60.22855
GH30_5	9.00000	0.00571	0.28423	105.54881	0.06810	3.39082
CE9	590.00000	0.96259	47.92584	5906.44948	11.80576	587.79074
GH13_32	7.00000	0.00842	0.41910	63.25000	0.07559	3.76345
GT39	21.50000	0.03044	1.51567	236.50000	0.34160	17.00790
PL26	31.50000	0.01657	0.82488	406.14583	0.33297	16.57824
GH70	4.00000	0.00259	0.12887	35.50000	0.02620	1.30433
PL12_2	136.00000	0.35364	17.60729	428.00000	1.11304	55.41639
CBM9	19.50000	0.03408	1.69690	202.00000	0.35196	17.52340
PL17_2	0.50000	0.00125	0.06239	3.50000	0.00934	0.46491
PL6_1	0.00000	0.00000	0.00000	3.06548	0.00300	0.14954
PL6	0.00000	0.00000	0.00000	3.43452	0.03663	1.82372
GH38	165.00000	0.21067	10.48910	1695.55556	2.30553	114.78865
PL11	141.00000	0.09920	4.93891	2101.44897	1.70297	84.78823
CBM16	0.00000	0.00000	0.00000	1.00000	0.00250	0.12432
GH16_6	2.50000	0.00410	0.20422	25.22500	0.03612	1.79830
CBM22	44.00000	0.10797	5.37574	375.59304	0.97991	48.78816
CBM2	54.00000	0.09942	4.95006	309.66667	0.71301	35.49947
PL10_2	2.50000	0.00307	0.15267	23.17262	0.03087	1.53691
GT99	0.50000	0.00043	0.02155	2.50000	0.00216	0.10777
GH43_27	14.00000	0.01486	0.73969	120.16667	0.12705	6.32563
GH5_2	95.00000	0.14192	7.06616	852.50000	1.46160	72.77072
GH55	44.00000	0.02659	1.32383	238.00000	0.15512	7.72319
CBM32	216.00000	0.45769	22.78767	2459.98865	5.51463	274.56513
GH44	37.00000	0.02462	1.22566	102.00000	0.06987	3.47857
GH5_7	109.50000	0.14168	7.05385	1400.50000	1.63792	81.54957
PL29	5.00000	0.00522	0.25966	86.00000	0.08971	4.46646
PL10	1.50000	0.00603	0.30044	35.87599	0.12598	6.27244
GH43_9	7.50000	0.00947	0.47151	90.95714	0.11879	5.91449
GT6	30.50000	0.05124	2.55105	181.41667	0.39028	19.43162
CBM74	68.00000	0.08482	4.22283	813.50000	0.96320	47.95612
GH147	22.50000	0.00954	0.47478	204.00000	0.16828	8.37858
GH13_3	24.50000	0.04927	2.45307	204.50000	0.38649	19.24264
GH110	146.50000	0.11589	5.77008	1330.75000	1.22706	61.09332
GH43_16	22.50000	0.02390	1.18981	164.07857	0.17817	8.87097
PL15_2	148.00000	0.32456	16.15942	508.50000	1.11513	55.52071
GH37	11.00000	0.01179	0.58686	130.00000	0.28819	14.34877
GH166	12.00000	0.01843	0.91776	316.00000	0.49866	24.82741
AA3	1.00000	0.00150	0.07476	1.00000	0.00150	0.07476
GH141	84.50000	0.05176	2.57686	596.66667	0.36619	18.23197
GH148	2.00000	0.00387	0.19279	9.50000	0.01776	0.88436
PL22_1	1.00000	0.00340	0.16935	4.50000	0.01715	0.85388
GH95	1322.50000	0.75652	37.66606	13717.15913	8.59460	427.91190
GH164	1.50000	0.00077	0.03812	14.50000	0.00774	0.38524
GH43_8	6.50000	0.00780	0.38818	63.11667	0.07855	3.91073
GH13_12	0.00000	0.00000	0.00000	2.00000	0.00203	0.10101
GH153	0.00000	0.00000	0.00000	1.00000	0.00118	0.05889
GT4	4374.00000	7.13084	355.03362	28876.82652	49.89843	2484.36700
GH106	694.00000	0.49090	24.44114	6813.92024	5.46390	272.03926
PL7	0.00000	0.00000	0.00000	3.00000	0.00881	0.43864
GH43_1	96.00000	0.11120	5.53638	1629.33636	2.13149	106.12357
GH5_18	1.50000	0.00181	0.08987	9.00000	0.01080	0.53795
GH43_3	8.00000	0.00931	0.46329	87.48404	0.10495	5.22549
GT56	0.00000	0.00000	0.00000	8.00000	0.02222	1.10641
GH111	0.00000	0.00000	0.00000	1.50000	0.00061	0.03025
GH13_13	0.00000	0.00000	0.00000	0.50000	0.00042	0.02106
GH87	31.50000	0.01888	0.93988	428.50000	0.26736	13.31141
GH130	496.50000	0.61841	30.78986	5214.57500	6.82438	339.77543
GT38	0.00000	0.00000	0.00000	8.00000	0.02448	1.21905
GH5_8	1.00000	0.00137	0.06830	12.66667	0.01738	0.86509
GH139	50.00000	0.02692	1.34006	265.50000	0.16413	8.17197
CBM14	0.00000	0.00000	0.00000	1.00000	0.00741	0.36880
AA10	1.50000	0.00287	0.14307	3.50000	0.00942	0.46895
GH121	19.50000	0.00620	0.30860	118.00000	0.04235	2.10855
GH1	1023.50000	0.95624	47.60959	8117.33052	8.43700	420.06566
CBM10	0.00000	0.00000	0.00000	1.50000	0.02941	1.46437
GH43_2	87.50000	0.10986	5.46995	1015.88185	1.28976	64.21529
CBM3	20.00000	0.08482	4.22319	93.83333	0.38170	19.00445
GH5_46	4.50000	0.00591	0.29428	40.37857	0.05365	2.67112
GH30_3	93.50000	0.07318	3.64369	1169.37738	0.92615	46.11140
PL9_2	29.00000	0.02578	1.28370	174.75000	0.15934	7.93340
GT35	1712.00000	1.39640	69.52482	17493.68810	19.47514	969.63779
GH13_2	7.00000	0.00777	0.38708	23.92500	0.02670	1.32932
GH48	40.50000	0.01960	0.97602	174.00000	0.10354	5.15488
CBM36	0.00000	0.00000	0.00000	4.50000	0.01366	0.68032
GH5_1	43.00000	0.04030	2.00661	167.30000	0.15725	7.82919
GH52	0.00000	0.00000	0.00000	2.50000	0.00257	0.12780
GH11	0.00000	0.00000	0.00000	5.50000	0.01137	0.56630
GT51	829.00000	1.64731	82.01721	7759.40000	17.01666	847.23378
GT22	2.00000	0.00236	0.11762	12.50000	0.01476	0.73501
GT80	1.00000	0.00129	0.06408	5.00000	0.00645	0.32115
GT57	0.50000	0.00141	0.07032	0.50000	0.00141	0.07032
GH117	19.00000	0.02541	1.26489	121.00000	0.17025	8.47670
CBM58	1.50000	0.00446	0.22227	32.60714	0.09762	4.86047
GH128	1.00000	0.00151	0.07510	3.50000	0.00525	0.26115
GH96	0.50000	0.00076	0.03806	1.00000	0.00153	0.07613
PL37	12.50000	0.00747	0.37193	56.50000	0.03470	1.72753
GH14	2.50000	0.00786	0.39142	85.93331	0.24892	12.39317
GH9	301.00000	0.22501	11.20280	2175.66667	2.20653	109.85996
GH16_24	1.50000	0.00211	0.10489	21.00000	0.02971	1.47934
GH13_41	4.00000	0.00439	0.21878	60.74077	0.06658	3.31484
PL12	3.50000	0.00852	0.42421	26.00000	0.06278	3.12565
PL17	0.00000	0.00000	0.00000	0.50000	0.00156	0.07755
GT97	0.00000	0.00000	0.00000	0.50000	0.00099	0.04939
GH99	14.00000	0.01550	0.77182	244.50000	0.27291	13.58770
GH81	0.00000	0.00000	0.00000	2.87500	0.00453	0.22578
CE3	19.50000	0.02779	1.38368	55.50000	0.07835	3.90108
GH43_29	162.00000	0.19251	9.58469	2146.71545	2.55286	127.10290
GH5_21	222.50000	0.27692	13.78746	1978.49510	2.47927	123.43894
GH143	75.50000	0.04646	2.31298	911.48611	0.57465	28.61077
GH142	66.50000	0.04608	2.29435	781.50000	0.54913	27.34052
GH167	29.50000	0.01337	0.66581	116.00000	0.05259	2.61835
GH86	20.00000	0.01082	0.53884	56.50000	0.03057	1.52221
CBM65	2.00000	0.00717	0.35715	30.30833	0.10077	5.01734
GH74	22.00000	0.04636	2.30843	108.00000	0.22730	11.31691
GH30_9	0.00000	0.00000	0.00000	0.50000	0.00038	0.01890
CBM6	125.50000	0.27961	13.92132	1465.47644	3.37987	168.27864
CE13	0.00000	0.00000	0.00000	5.50000	0.00890	0.44310
GH30_8	27.00000	0.02596	1.29229	117.50000	0.11327	5.63969
CBM38	1.50000	0.00466	0.23204	11.50000	0.03499	1.74228
CBM82	0.00000	0.00000	0.00000	3.00000	0.00812	0.40415
GH5	441.00000	3.60664	179.56935	5096.68233	43.93804	2187.60805
CBM83	1.50000	0.00538	0.26768	19.50000	0.07000	3.48504
PL9	71.50000	0.07613	3.79059	904.02605	0.84489	42.06600
CBM86	0.00000	0.00000	0.00000	7.00000	0.02202	1.09659
CBM79	23.50000	0.07460	3.71400	109.00000	0.34699	17.27604
GH20	944.50000	1.10870	55.20031	9317.39623	13.86540	690.33715
GH5_4	422.50000	0.48477	24.13609	4978.37222	5.85470	291.49642
GH64	20.00000	0.02559	1.27391	331.00000	0.45960	22.88302
PL31	5.00000	0.00891	0.44375	27.00000	0.04813	2.39624
GH5_37	73.50000	0.07855	3.91093	437.55717	0.47887	23.84216
GH158	1.50000	0.00385	0.19149	15.55238	0.03979	1.98106
GH125	328.50000	0.40268	20.04872	3205.50000	4.87365	242.65156
CBM78	9.00000	0.02450	1.21992	26.00000	0.07073	3.52153
GH5_5	6.50000	0.00908	0.45217	79.00000	0.12578	6.26241
PL30	8.50000	0.00652	0.32440	57.87500	0.04968	2.47337
PL4_1	0.00000	0.00000	0.00000	0.50000	0.00033	0.01637
PL1_8	8.00000	0.01396	0.69513	51.00000	0.09437	4.69831
GT12	0.00000	0.00000	0.00000	9.50000	0.02890	1.43904
GH5_38	7.00000	0.00763	0.37965	21.00000	0.02288	1.13895
GT59	0.00000	0.00000	0.00000	1.00000	0.00295	0.14687
GH16_17	8.50000	0.01107	0.55120	15.50000	0.02018	1.00477
CBM24	1.00000	0.00556	0.27660	17.00000	0.08929	4.44540
GT32	231.00000	0.90119	44.86884	1312.42143	5.29081	263.42129
GH43_37	0.00000	0.00000	0.00000	2.00000	0.00271	0.13493
GH5_26	3.00000	0.00439	0.21837	15.00000	0.02183	1.08689
GH16_16	9.00000	0.01154	0.57448	27.50000	0.03526	1.75536
GH16	160.50000	1.19388	59.44136	1566.75707	9.18941	457.52662
GT92	2.50000	0.00357	0.17777	23.90833	0.03416	1.70088
CBM76	5.00000	0.01091	0.54343	29.00000	0.06333	3.15335
GH16_3	190.50000	0.26542	13.21474	1257.25524	1.76898	88.07479
GH16_12	6.50000	0.00846	0.42139	18.00000	0.02344	1.16692
GH16_15	5.50000	0.00841	0.41871	17.50000	0.02676	1.33226
GH82	279.50000	0.49557	24.67355	786.50000	1.39450	69.43021
GH91	30.00000	0.04006	1.99434	226.00000	0.36734	18.28911
CE11	214.00000	0.32833	16.34720	2504.00000	4.42011	220.07071
GT19	229.00000	0.26504	13.19618	2705.50000	3.64081	181.27057
GH30_4	176.00000	0.12341	6.14449	1853.25833	1.28366	63.91140
GH92	1187.00000	1.10401	54.96707	12760.40972	14.83978	738.85027
GH24	266.50000	0.68406	34.05829	2544.50000	6.89358	343.22094
GH4	111.00000	0.29451	14.66304	1700.50000	5.31783	264.76648
GH136	81.00000	0.05385	2.68108	743.95833	0.48108	23.95211
GH36	1727.50000	1.29236	64.34453	17227.85774	16.21387	807.26372
GH13_9	613.50000	0.75399	37.53991	4468.21549	5.59505	278.56899
PL8	15.50000	0.02410	1.19990	174.91297	0.38261	19.04962
GH23	796.50000	1.65961	82.62967	7456.48333	16.78143	835.52214
GH30_1	21.50000	0.01731	0.86168	115.91667	0.09406	4.68288
GH30	49.50000	0.06573	3.27261	583.03095	0.68543	34.12646
GH18	422.50000	0.47613	23.70560	3141.25833	4.25374	211.78730
GT2	11040.50000	13.38322	666.32999	85044.80606	113.84682	5668.26029
GH103	1.50000	0.00205	0.10195	17.00000	0.02773	1.38040
GH43	561.00000	3.22313	160.47470	8767.46410	48.15302	2397.46572
GH43_22	14.50000	0.02322	1.15614	217.44444	0.32011	15.93767
GT28	438.00000	0.89129	44.37603	3751.87500	7.86754	391.71264
CBM12	14.00000	0.15538	7.73595	66.50000	0.74144	36.91530
GH43_26	74.00000	0.08096	4.03081	520.08690	0.58229	28.99127
GT10	13.00000	0.01735	0.86391	71.54167	0.10601	5.27799
GH33	318.00000	0.31548	15.70705	3058.50000	3.27665	163.13944
GT5	717.00000	0.70664	35.18250	5313.15097	5.66243	281.92369
GH29	624.50000	0.67990	33.85137	7129.72457	8.38483	417.46773
CBM50	563.00000	3.16627	157.64375	5372.08095	30.89528	1538.22928
PL8_3	15.00000	0.02027	1.00914	97.28333	0.13385	6.66441
CE7	238.50000	0.28886	14.38208	2971.21228	3.84026	191.20074
GH76	50.00000	0.04802	2.39071	456.37500	0.44842	22.32613
AA6	22.50000	0.05911	2.94292	109.50000	0.32196	16.02973
GH13_14	327.00000	0.34140	16.99796	2939.44262	3.11532	155.10685
CBM13	495.00000	0.55640	27.70243	4044.29602	5.48824	273.25098
GH133	250.00000	0.24162	12.02995	2680.20000	2.60955	129.92541
GH43_24	82.00000	0.10175	5.06587	967.53408	1.20714	60.10188
GT26	289.50000	0.57279	28.51829	2275.00000	4.69628	233.82057
GH28	1669.00000	1.61936	80.62547	18706.61625	22.54623	1122.54274
GH77	1257.00000	1.16991	58.24785	13312.57991	16.15020	804.09371
GH116	23.50000	0.02362	1.17579	247.00000	0.28531	14.20490
GH13_11	97.50000	0.10706	5.33057	1045.74980	1.17057	58.28111
GH31	1501.00000	1.52383	75.86902	15291.29643	16.92418	842.62928
GH42	273.50000	0.28008	13.94499	2578.44286	2.93537	146.14741
GH97	1617.00000	1.27007	63.23466	18369.72370	20.47301	1019.31994
GH112	379.00000	0.28289	14.08486	4294.72222	3.80808	189.59858
GT111	167.50000	0.28045	13.96314	1592.70833	3.10374	154.53060
CBM40	5.00000	0.01058	0.52654	32.58333	0.06555	3.26343
GH101	26.00000	0.01483	0.73843	483.50000	0.38735	19.28568
GT30	133.50000	0.26071	12.98047	1819.03333	3.80596	189.49305
GH150	2.50000	0.00091	0.04525	8.00000	0.00291	0.14479
GH8	141.00000	0.15263	7.59940	1937.21189	2.18191	108.63376
GH26	684.50000	0.64317	32.02222	5468.10509	5.36621	267.17544
GH127	586.50000	0.40801	20.31417	5859.75000	4.31960	215.06621
GH13_38	178.00000	0.16801	8.36478	2138.22197	2.21387	110.22539
CBM67	362.00000	0.66654	33.18606	3069.16703	5.79174	288.36176
GH39	284.00000	0.22183	11.04472	1258.33333	1.16242	57.87520
GT84	5.50000	0.00878	0.43731	123.00000	0.19659	9.78798
GH94	1159.00000	0.75287	37.48445	10702.02500	7.32659	364.77970
GH32	770.00000	0.94001	46.80183	7674.15000	10.03665	499.70978
